<bodies>
	<body name="cts_body_medium" owner_skeleton="human_skeleton">
		<capsules>
			<capsule name="r_thigh" length="0.480" origin="0.000, 0.000, 0.000" frame="0.153740, -0.066822, -0.985849, 0.000000, 0.003262, 0.997740, -0.067119, 0.000000, 0.988106, 0.007103, 0.153611, 0.000000, 0.046978, 0.031238, 1.029521, 1.000000">
				<points>
					<point radius="0.120">
						<bones>
							<bone name="r_thigh" weight="1.000"/>
						</bones>
					</point>
					<point radius="0.140">
						<bones>
							<bone name="r_thigh" weight="1.000"/>
						</bones>
					</point>
				</points>
			</capsule>
			<capsule name="l_thigh" length="0.480" origin="0.000, 0.000, 0.000" frame="-0.161517, -0.015330, -0.986750, 0.000000, -0.001992, 0.999883, -0.015208, 0.000000, 0.986868, -0.000491, -0.161529, 0.000000, -0.042255, 0.058700, 1.026870, 1.000000">
				<points>
					<point radius="0.120">
						<bones>
							<bone name="l_thigh" weight="1.000"/>
						</bones>
					</point>
					<point radius="0.140">
						<bones>
							<bone name="l_thigh" weight="1.000"/>
						</bones>
					</point>
				</points>
			</capsule>
			<capsule name="r_calf" length="0.400" origin="0.000, 0.000, 0.000" frame="0.077815, -0.119797, -0.989744, 0.000000, 0.010184, 0.992799, -0.119366, 0.000000, 0.996916, -0.000791, 0.078475, 0.000000, 0.132567, 0.018486, 0.494243, 0.000000">
				<points>
					<point radius="0.100">
						<bones>
							<bone name="r_calf" weight="1.000"/>
						</bones>
					</point>
					<point radius="0.100">
						<bones>
							<bone name="r_calf" weight="1.000"/>
						</bones>
					</point>
				</points>
			</capsule>
			<capsule name="l_calf" length="0.400" origin="0.000, 0.000, 0.000" frame="-0.077815, -0.119797, -0.989744, 0.000000, -0.010185, 0.992798, -0.119366, 0.000000, 0.996916, 0.000791, -0.078475, 0.000000, -0.133683, 0.019745, 0.495228, 0.000000">
				<points>
					<point radius="0.100">
						<bones>
							<bone name="l_calf" weight="1.000"/>
						</bones>
					</point>
					<point radius="0.100">
						<bones>
							<bone name="l_calf" weight="1.000"/>
						</bones>
					</point>
				</points>
			</capsule>
			<capsule name="New capsule" length="0.280" origin="0.000, 0.000, 0.000" frame="-0.001323, 0.000001, 0.999999, 0.000000, -0.000021, 1.000000, -0.000001, 0.000000, -0.999999, -0.000021, -0.001323, 0.000000, 0.003470, 0.035886, 0.867498, 1.000000">
				<points>
					<point radius="0.170">
						<bones>
							<bone name="pelvis" weight="1.000"/>
						</bones>
					</point>
					<point radius="0.120">
						<bones>
							<bone name="pelvis" weight="1.000"/>
						</bones>
					</point>
				</points>
			</capsule>
			<capsule name="spine1" length="0.120" origin="0.000, 0.000, 0.000" frame="-0.999835, 0.000491, -0.018187, 0.000000, 0.000003, 0.999641, 0.026797, 0.000000, 0.018194, 0.026792, -0.999475, 0.000000, 0.061746, 0.033160, 1.077731, 1.000000">
				<points>
					<point radius="0.160">
						<bones/>
					</point>
					<point radius="0.160">
						<bones/>
					</point>
				</points>
			</capsule>
		</capsules>
	</body>
	<body name="cts_body_medium_long" owner_skeleton="human_skeleton">
		<capsules>
			<capsule name="r_thigh" length="0.330" origin="0.000, 0.000, 0.000" frame="0.153740, -0.066822, -0.985849, 0.000000, 0.003262, 0.997740, -0.067119, 0.000000, 0.988106, 0.007103, 0.153611, 0.000000, 0.056866, 0.016784, 0.878457, 1.000000">
				<points>
					<point radius="0.160">
						<bones>
							<bone name="r_thigh" weight="1.000"/>
						</bones>
					</point>
					<point radius="0.160">
						<bones>
							<bone name="r_thigh" weight="1.000"/>
						</bones>
					</point>
				</points>
			</capsule>
			<capsule name="l_thigh" length="0.330" origin="0.000, 0.000, 0.000" frame="-0.161517, -0.015330, -0.986750, 0.000000, -0.001992, 0.999883, -0.015208, 0.000000, 0.986868, -0.000491, -0.161529, 0.000000, -0.060500, 0.010875, 0.867657, 1.000000">
				<points>
					<point radius="0.160">
						<bones>
							<bone name="l_thigh" weight="1.000"/>
						</bones>
					</point>
					<point radius="0.160">
						<bones>
							<bone name="l_thigh" weight="1.000"/>
						</bones>
					</point>
				</points>
			</capsule>
			<capsule name="spine1" length="0.120" origin="0.000, 0.000, 0.000" frame="-0.999835, 0.000490, -0.018187, 0.000000, 0.000003, 0.999641, 0.026797, 0.000000, 0.018194, 0.026793, -0.999475, 0.000000, 0.060769, 0.068069, 1.132366, 1.000000">
				<points>
					<point radius="0.160">
						<bones>
							<bone name="spine1" weight="1.000"/>
						</bones>
					</point>
					<point radius="0.160">
						<bones>
							<bone name="spine1" weight="1.000"/>
						</bones>
					</point>
				</points>
			</capsule>
			<capsule name="r_upperArm" length="0.200" origin="0.000, 0.000, 0.000" frame="0.803794, -0.047010, -0.593046, 0.000000, 0.090243, -0.975702, 0.199655, 0.000000, -0.588022, -0.214000, -0.780021, 0.000000, 0.179612, -0.016043, 1.405250, 1.000000">
				<points>
					<point radius="0.100">
						<bones/>
					</point>
					<point radius="0.100">
						<bones/>
					</point>
				</points>
			</capsule>
			<capsule name="l_upperArm" length="0.200" origin="0.000, 0.000, 0.000" frame="-0.791671, -0.051351, -0.608785, 0.000000, -0.090244, -0.975702, 0.199655, 0.000000, -0.604245, 0.213000, 0.767801, 0.000000, -0.174648, 0.002114, 1.398125, 1.000000">
				<points>
					<point radius="0.100">
						<bones/>
					</point>
					<point radius="0.100">
						<bones/>
					</point>
				</points>
			</capsule>
			<capsule name="r_calf" length="0.390" origin="0.000, 0.000, 0.000" frame="0.077815, -0.119797, -0.989744, 0.000000, 0.010184, 0.992798, -0.119366, 0.000000, 0.996916, -0.000791, 0.078475, 0.000000, 0.134681, -0.018126, 0.543962, 1.000000">
				<points>
					<point radius="0.130">
						<bones/>
					</point>
					<point radius="0.130">
						<bones/>
					</point>
				</points>
			</capsule>
			<capsule name="l_calf" length="0.390" origin="0.000, 0.000, 0.000" frame="-0.077815, -0.119797, -0.989744, 0.000000, -0.010185, 0.992798, -0.119366, 0.000000, 0.996916, 0.000792, -0.078475, 0.000000, -0.135647, -0.052201, 0.539023, 1.000000">
				<points>
					<point radius="0.130">
						<bones/>
					</point>
					<point radius="0.130">
						<bones/>
					</point>
				</points>
			</capsule>
		</capsules>
	</body>
	<body name="cts_body_medium_long_roman" owner_skeleton="human_skeleton">
		<capsules>
			<capsule name="r_thigh" length="0.320" origin="0.000, 0.000, 0.000" frame="0.153740, -0.066822, -0.985849, 0.000000, 0.003262, 0.997740, -0.067119, 0.000000, 0.988106, 0.007103, 0.153611, 0.000000, 0.041048, 0.028498, 0.897530, 1.000000">
				<points>
					<point radius="0.170">
						<bones>
							<bone name="r_thigh" weight="1.000"/>
						</bones>
					</point>
					<point radius="0.160">
						<bones>
							<bone name="r_thigh" weight="1.000"/>
						</bones>
					</point>
				</points>
			</capsule>
			<capsule name="l_thigh" length="0.320" origin="0.000, 0.000, 0.000" frame="-0.161517, -0.015330, -0.986750, 0.000000, -0.001992, 0.999883, -0.015208, 0.000000, 0.986868, -0.000491, -0.161529, 0.000000, -0.030305, 0.036118, 0.908504, 1.000000">
				<points>
					<point radius="0.170">
						<bones>
							<bone name="l_thigh" weight="1.000"/>
						</bones>
					</point>
					<point radius="0.160">
						<bones>
							<bone name="l_thigh" weight="1.000"/>
						</bones>
					</point>
				</points>
			</capsule>
			<capsule name="spine1" length="0.120" origin="0.000, 0.000, 0.000" frame="-0.999835, 0.000490, -0.018187, 0.000000, 0.000003, 0.999641, 0.026797, 0.000000, 0.018194, 0.026793, -0.999475, 0.000000, 0.060769, 0.068069, 1.132366, 1.000000">
				<points>
					<point radius="0.160">
						<bones>
							<bone name="spine1" weight="1.000"/>
						</bones>
					</point>
					<point radius="0.160">
						<bones>
							<bone name="spine1" weight="1.000"/>
						</bones>
					</point>
				</points>
			</capsule>
			<capsule name="r_upperArm" length="0.200" origin="0.000, 0.000, 0.000" frame="0.803794, -0.047010, -0.593046, 0.000000, 0.090243, -0.975702, 0.199655, 0.000000, -0.588022, -0.214000, -0.780021, 0.000000, 0.179612, -0.016043, 1.405250, 1.000000">
				<points>
					<point radius="0.100">
						<bones/>
					</point>
					<point radius="0.100">
						<bones/>
					</point>
				</points>
			</capsule>
			<capsule name="l_upperArm" length="0.200" origin="0.000, 0.000, 0.000" frame="-0.791671, -0.051351, -0.608785, 0.000000, -0.090244, -0.975702, 0.199655, 0.000000, -0.604245, 0.213000, 0.767801, 0.000000, -0.174648, 0.002114, 1.398125, 1.000000">
				<points>
					<point radius="0.100">
						<bones/>
					</point>
					<point radius="0.100">
						<bones/>
					</point>
				</points>
			</capsule>
			<capsule name="r_calf" length="0.350" origin="0.000, 0.000, 0.000" frame="0.077815, -0.119797, -0.989744, 0.000000, 0.010184, 0.992798, -0.119366, 0.000000, 0.996916, -0.000791, 0.078475, 0.000000, 0.132306, -0.007017, 0.497309, 1.000000">
				<points>
					<point radius="0.130">
						<bones/>
					</point>
					<point radius="0.150">
						<bones/>
					</point>
				</points>
			</capsule>
			<capsule name="l_calf" length="0.350" origin="0.000, 0.000, 0.000" frame="-0.077815, -0.119797, -0.989744, 0.000000, -0.010185, 0.992798, -0.119366, 0.000000, 0.996916, 0.000791, -0.078475, 0.000000, -0.133683, 0.019745, 0.495228, 0.000000">
				<points>
					<point radius="0.130">
						<bones/>
					</point>
					<point radius="0.150">
						<bones/>
					</point>
				</points>
			</capsule>
		</capsules>
	</body>
	<body name="cts_capes_body" owner_skeleton="human_skeleton">
		<capsules>
			<capsule name="l_thigh" length="0.200" origin="0.000, 0.000, 0.000" frame="-0.078250, -0.066326, -0.994725, 0.000000, -0.005993, 0.997798, -0.066059, 0.000000, 0.996916, 0.000792, -0.078475, 0.000000, -0.099612, -0.058596, 0.920262, 1.000000">
				<points>
					<point radius="0.190">
						<bones>
							<bone name="l_thigh" weight="1.000"/>
						</bones>
					</point>
					<point radius="0.180">
						<bones>
							<bone name="l_thigh" weight="1.000"/>
						</bones>
					</point>
				</points>
			</capsule>
			<capsule name="r_thigh" length="0.200" origin="0.000, 0.000, 0.000" frame="0.078250, -0.066325, -0.994725, 0.000000, 0.005991, 0.997798, -0.066059, 0.000000, 0.996916, -0.000790, 0.078475, 0.000000, 0.099664, -0.049768, 0.918622, 1.000000">
				<points>
					<point radius="0.190">
						<bones>
							<bone name="r_thigh" weight="1.000"/>
						</bones>
					</point>
					<point radius="0.180">
						<bones>
							<bone name="r_thigh" weight="1.000"/>
						</bones>
					</point>
				</points>
			</capsule>
			<capsule name="spine" length="0.200" origin="0.000, 0.000, 0.000" frame="-0.000000, -0.026797, 0.999641, 0.000000, 0.000003, 0.999641, 0.026797, 0.000000, -1.000000, 0.000003, 0.000000, 0.000000, -0.000000, -0.000751, 0.911715, 1.000000">
				<points>
					<point radius="0.220">
						<bones>
							<bone name="spine" weight="1.000"/>
						</bones>
					</point>
					<point radius="0.210">
						<bones>
							<bone name="spine" weight="1.000"/>
						</bones>
					</point>
				</points>
			</capsule>
			<capsule name="spine1" length="0.080" origin="0.000, 0.000, 0.000" frame="0.000000, 0.041296, 0.999146, 0.000000, 0.000003, 0.999146, -0.041296, 0.000000, -1.000000, 0.000003, -0.000000, 0.000000, -0.000000, -0.004537, 1.065958, 1.000000">
				<points>
					<point radius="0.250">
						<bones>
							<bone name="spine1" weight="1.000"/>
						</bones>
					</point>
					<point radius="0.240">
						<bones>
							<bone name="spine1" weight="1.000"/>
						</bones>
					</point>
				</points>
			</capsule>
			<capsule name="l_clavicle" length="0.100" origin="0.000, 0.000, 0.000" frame="-0.974407, 0.006203, -0.224706, 0.000000, -0.000000, -0.999620, -0.027593, 0.000000, -0.224792, -0.026887, 0.974036, 0.000000, -0.086105, -0.077180, 1.429122, 1.000000">
				<points>
					<point radius="0.120">
						<bones>
							<bone name="l_clavicle" weight="1.000"/>
						</bones>
					</point>
					<point radius="0.120">
						<bones>
							<bone name="l_clavicle" weight="1.000"/>
						</bones>
					</point>
				</points>
			</capsule>
			<capsule name="l_upperarm" length="0.200" origin="0.000, 0.000, 0.000" frame="-0.834051, -0.035514, -0.550543, 0.000000, -0.090243, -0.975702, 0.199655, 0.000000, -0.544256, 0.216205, 0.810580, 0.000000, -0.186272, -0.013715, 1.413607, 1.000000">
				<points>
					<point radius="0.110">
						<bones>
							<bone name="l_upperarm_twist" weight="1.000"/>
						</bones>
					</point>
					<point radius="0.110">
						<bones>
							<bone name="l_upperarm_twist" weight="1.000"/>
						</bones>
					</point>
				</points>
			</capsule>
			<capsule name="r_upperarm" length="0.200" origin="0.000, 0.000, 0.000" frame="0.834051, -0.035514, -0.550543, 0.000000, 0.090244, -0.975702, 0.199655, 0.000000, -0.544256, -0.216205, -0.810580, 0.000000, 0.186272, -0.013717, 1.413608, 1.000000">
				<points>
					<point radius="0.110">
						<bones>
							<bone name="r_upperarm_twist" weight="1.000"/>
						</bones>
					</point>
					<point radius="0.110">
						<bones>
							<bone name="r_upperarm_twist" weight="1.000"/>
						</bones>
					</point>
				</points>
			</capsule>
			<capsule name="l_forearm" length="0.200" origin="0.000, 0.000, 0.000" frame="-0.832738, 0.056543, -0.550772, 0.000000, -0.052790, -0.998348, -0.022676, 0.000000, -0.551143, 0.010191, 0.834348, 0.000000, -0.427211, -0.023974, 1.254567, 1.000000">
				<points>
					<point radius="0.100">
						<bones>
							<bone name="l_foretwist" weight="1.000"/>
						</bones>
					</point>
					<point radius="0.100">
						<bones>
							<bone name="l_foretwist" weight="1.000"/>
						</bones>
					</point>
				</points>
			</capsule>
			<capsule name="r_forearm" length="0.200" origin="0.000, 0.000, 0.000" frame="0.832738, 0.056543, -0.550772, 0.000000, 0.052791, -0.998348, -0.022676, 0.000000, -0.551143, -0.010191, -0.834348, 0.000000, 0.427198, -0.023981, 1.254549, 1.000000">
				<points>
					<point radius="0.100">
						<bones>
							<bone name="r_foretwist" weight="1.000"/>
						</bones>
					</point>
					<point radius="0.100">
						<bones>
							<bone name="r_foretwist" weight="1.000"/>
						</bones>
					</point>
				</points>
			</capsule>
			<capsule name="r_clavicle" length="0.100" origin="0.000, 0.000, 0.000" frame="0.969016, 0.006815, -0.246902, 0.000000, 0.000000, -0.999619, -0.027593, 0.000000, -0.246996, 0.026738, -0.968647, 0.000000, 0.091274, -0.080122, 1.434899, 1.000000">
				<points>
					<point radius="0.120">
						<bones>
							<bone name="r_clavicle" weight="1.000"/>
						</bones>
					</point>
					<point radius="0.120">
						<bones>
							<bone name="r_clavicle" weight="1.000"/>
						</bones>
					</point>
				</points>
			</capsule>
			<capsule name="r_calf" length="0.290" origin="0.000, 0.000, 0.000" frame="0.077815, -0.119797, -0.989744, 0.000000, 0.010184, 0.992798, -0.119366, 0.000000, 0.996916, -0.000791, 0.078475, 0.000000, 0.131946, -0.042056, 0.501522, 1.000000">
				<points>
					<point radius="0.160">
						<bones>
							<bone name="r_calf" weight="1.000"/>
						</bones>
					</point>
					<point radius="0.140">
						<bones>
							<bone name="r_calf" weight="1.000"/>
						</bones>
					</point>
				</points>
			</capsule>
			<capsule name="l_calf" length="0.290" origin="0.000, 0.000, 0.000" frame="-0.077815, -0.119797, -0.989744, 0.000000, -0.010185, 0.992798, -0.119366, 0.000000, 0.996916, 0.000792, -0.078475, 0.000000, -0.132971, -0.049716, 0.503579, 1.000000">
				<points>
					<point radius="0.160">
						<bones>
							<bone name="l_calf" weight="1.000"/>
						</bones>
					</point>
					<point radius="0.140">
						<bones>
							<bone name="l_calf" weight="1.000"/>
						</bones>
					</point>
				</points>
			</capsule>
			<capsule name="spine2" length="0.170" origin="0.000, 0.000, 0.000" frame="-0.000000, -0.026797, 0.999641, 0.000000, 0.000003, 0.999641, 0.026797, 0.000000, -1.000000, 0.000003, 0.000000, 0.000000, -0.006170, 0.012196, 1.341277, 1.000000">
				<points>
					<point radius="0.250">
						<bones>
							<bone name="spine2" weight="1.000"/>
						</bones>
					</point>
					<point radius="0.160">
						<bones>
							<bone name="spine2" weight="1.000"/>
						</bones>
					</point>
				</points>
			</capsule>
		</capsules>
	</body>
	<body name="cts_dac_body_medium" owner_skeleton="human_skeleton">
		<capsules>
			<capsule name="r_thigh" length="0.300" origin="0.000, 0.000, 0.000" frame="0.153741, -0.066822, -0.985849, 0.000000, 0.003262, 0.997740, -0.067119, 0.000000, 0.988106, 0.007104, 0.153611, 0.000000, 0.064213, 0.017144, 0.864535, 1.000000">
				<points>
					<point radius="0.150">
						<bones>
							<bone name="r_thigh" weight="1.000"/>
						</bones>
					</point>
					<point radius="0.160">
						<bones>
							<bone name="r_thigh" weight="1.000"/>
						</bones>
					</point>
				</points>
			</capsule>
			<capsule name="l_thigh" length="0.300" origin="0.000, 0.000, 0.000" frame="-0.161518, -0.015330, -0.986750, 0.000000, -0.001992, 0.999883, -0.015208, 0.000000, 0.986868, -0.000492, -0.161529, 0.000000, -0.069144, 0.008855, 0.860466, 1.000000">
				<points>
					<point radius="0.150">
						<bones>
							<bone name="l_thigh" weight="1.000"/>
						</bones>
					</point>
					<point radius="0.160">
						<bones>
							<bone name="l_thigh" weight="1.000"/>
						</bones>
					</point>
				</points>
			</capsule>
			<capsule name="r_calf" length="0.280" origin="0.000, 0.000, 0.000" frame="0.077815, -0.119797, -0.989744, 0.000000, 0.010184, 0.992799, -0.119366, 0.000000, 0.996916, -0.000791, 0.078475, 0.000000, 0.132567, 0.018486, 0.494243, 0.000000">
				<points>
					<point radius="0.100">
						<bones>
							<bone name="r_calf" weight="1.000"/>
						</bones>
					</point>
					<point radius="0.100">
						<bones>
							<bone name="r_calf" weight="1.000"/>
						</bones>
					</point>
				</points>
			</capsule>
			<capsule name="l_calf" length="0.300" origin="0.000, 0.000, 0.000" frame="-0.077815, -0.119797, -0.989744, 0.000000, -0.010185, 0.992798, -0.119366, 0.000000, 0.996916, 0.000791, -0.078475, 0.000000, -0.133683, 0.019745, 0.495228, 0.000000">
				<points>
					<point radius="0.100">
						<bones>
							<bone name="l_calf" weight="1.000"/>
						</bones>
					</point>
					<point radius="0.100">
						<bones>
							<bone name="l_calf" weight="1.000"/>
						</bones>
					</point>
				</points>
			</capsule>
			<capsule name="spine1" length="0.120" origin="0.000, 0.000, 0.000" frame="-0.999835, 0.000490, -0.018187, 0.000000, 0.000003, 0.999641, 0.026797, 0.000000, 0.018194, 0.026793, -0.999475, 0.000000, 0.060769, 0.068069, 1.132366, 1.000000">
				<points>
					<point radius="0.160">
						<bones>
							<bone name="spine1" weight="1.000"/>
						</bones>
					</point>
					<point radius="0.160">
						<bones>
							<bone name="spine1" weight="1.000"/>
						</bones>
					</point>
				</points>
			</capsule>
			<capsule name="New capsule" length="0.010" origin="0.000, 0.000, 0.000" frame="-0.001323, 0.000001, 0.999999, 0.000000, -0.000021, 1.000000, -0.000001, 0.000000, -0.999999, -0.000021, -0.001323, 0.000000, 0.000000, 0.005624, 0.914520, 1.000000">
				<points>
					<point radius="0.150">
						<bones>
							<bone name="pelvis" weight="1.000"/>
						</bones>
					</point>
					<point radius="0.140">
						<bones>
							<bone name="pelvis" weight="1.000"/>
						</bones>
					</point>
				</points>
			</capsule>
		</capsules>
	</body>
	<body name="cts_dac_head_shoulder" owner_skeleton="human_skeleton">
		<capsules>
			<capsule name="Head" length="0.170" origin="0.000, 0.000, 0.000" frame="-0.000001, 0.151389, 0.988474, 0.000000, 0.000003, 0.988474, -0.151389, 0.000000, -1.000000, 0.000002, -0.000001, 0.000000, 0.000000, 0.034022, 1.565763, 1.000000">
				<points>
					<point radius="0.110">
						<bones>
							<bone name="head" weight="1.000"/>
							<bone name="head" weight="1.000"/>
						</bones>
					</point>
					<point radius="0.100">
						<bones>
							<bone name="head" weight="1.000"/>
							<bone name="head" weight="1.000"/>
						</bones>
					</point>
				</points>
			</capsule>
			<capsule name="spine" length="0.200" origin="0.000, 0.000, 0.000" frame="-0.999912, -0.000353, 0.013251, 0.000000, 0.000003, 0.999641, 0.026797, 0.000000, -0.013256, 0.026795, -0.999553, 0.000000, 0.107767, -0.006026, 1.389738, 1.000000">
				<points>
					<point radius="0.130">
						<bones>
							<bone name="spine2" weight="1.000"/>
						</bones>
					</point>
					<point radius="0.130">
						<bones>
							<bone name="spine" weight="1.000"/>
						</bones>
					</point>
				</points>
			</capsule>
			<capsule name="l_clavicle" length="0.151" origin="0.000, 0.000, 0.000" frame="-1.000000, -0.000000, -0.000000, 0.000000, 0.000000, -0.999619, -0.027593, 0.000000, -0.000000, -0.027593, 0.999619, 0.000000, -0.059290, -0.037478, 1.466921, 1.000000">
				<points>
					<point radius="0.136">
						<bones>
							<bone name="l_clavicle" weight="1.000"/>
						</bones>
					</point>
					<point radius="0.085">
						<bones>
							<bone name="l_clavicle" weight="1.000"/>
						</bones>
					</point>
				</points>
			</capsule>
			<capsule name="r_clavicle" length="0.151" origin="0.000, 0.000, 0.000" frame="1.000000, 0.000000, 0.000000, 0.000000, 0.000000, -0.999619, -0.027593, 0.000000, 0.000000, 0.027593, -0.999619, 0.000000, 0.029879, -0.021810, 1.469656, 1.000000">
				<points>
					<point radius="0.136">
						<bones>
							<bone name="r_clavicle" weight="1.000"/>
						</bones>
					</point>
					<point radius="0.085">
						<bones>
							<bone name="r_clavicle" weight="1.000"/>
						</bones>
					</point>
				</points>
			</capsule>
			<capsule name="face" length="0.120" origin="0.000, 0.000, 0.000" frame="0.000002, 0.233519, -0.972353, 0.000000, -0.000002, -0.972353, -0.233519, 0.000000, -1.000000, 0.000002, -0.000001, 0.000000, 0.000000, 0.067599, 1.712932, 1.000000">
				<points>
					<point radius="0.090">
						<bones>
							<bone name="head" weight="1.000"/>
						</bones>
					</point>
					<point radius="0.080">
						<bones>
							<bone name="head" weight="1.000"/>
						</bones>
					</point>
				</points>
			</capsule>
			<capsule name="neck" length="0.120" origin="0.000, 0.000, 0.000" frame="-0.000001, 0.142629, 0.989776, 0.000000, 0.000003, 0.989776, -0.142629, 0.000000, -1.000000, 0.000002, -0.000001, 0.000000, 0.000000, -0.017534, 1.461629, 1.000000">
				<points>
					<point radius="0.100">
						<bones>
							<bone name="neck" weight="1.000"/>
						</bones>
					</point>
					<point radius="0.090">
						<bones>
							<bone name="neck" weight="1.000"/>
						</bones>
					</point>
				</points>
			</capsule>
		</capsules>
	</body>
	<body name="cts_flag_pole">
		<capsules>
			<capsule name="New capsule" length="5.130" origin="0.000, 0.000, 0.000" frame="0.007834, 0.000000, -0.999969, 0.000000, 0.000000, 1.000000, 0.000000, 0.000000, 0.999969, 0.000000, 0.007834, 0.000000, -0.002944, 0.003745, 4.254718, 0.000000">
				<points>
					<point radius="0.060">
						<bones/>
					</point>
					<point radius="0.060">
						<bones/>
					</point>
				</points>
			</capsule>
		</capsules>
	</body>
	<body name="cts_syrian_skirt" owner_skeleton="human_skeleton">
		<capsules>
			<capsule name="l_thigh" length="0.270" origin="0.000, 0.000, 0.000" frame="-0.078250, -0.066326, -0.994725, 0.000000, -0.005993, 0.997798, -0.066059, 0.000000, 0.996916, 0.000792, -0.078475, 0.000000, -0.100078, 0.018965, 0.915127, 1.000000">
				<points>
					<point radius="0.115">
						<bones>
							<bone name="l_thigh" weight="1.000"/>
						</bones>
					</point>
					<point radius="0.150">
						<bones>
							<bone name="l_thigh" weight="1.000"/>
						</bones>
					</point>
				</points>
			</capsule>
			<capsule name="r_thigh" length="0.270" origin="0.000, 0.000, 0.000" frame="0.078250, -0.066325, -0.994725, 0.000000, 0.005991, 0.997798, -0.066059, 0.000000, 0.996916, -0.000790, 0.078475, 0.000000, 0.086492, 0.025576, 0.912561, 1.000000">
				<points>
					<point radius="0.125">
						<bones>
							<bone name="r_thigh" weight="1.000"/>
						</bones>
					</point>
					<point radius="0.150">
						<bones>
							<bone name="r_thigh" weight="1.000"/>
						</bones>
					</point>
				</points>
			</capsule>
			<capsule name="spine" length="0.220" origin="0.000, 0.000, 0.000" frame="-0.000000, -0.026797, 0.999641, 0.000000, 0.000003, 0.999641, 0.026797, 0.000000, -1.000000, 0.000003, 0.000000, 0.000000, 0.000000, 0.010770, 1.043092, 1.000000">
				<points>
					<point radius="0.160">
						<bones>
							<bone name="spine" weight="1.000"/>
						</bones>
					</point>
					<point radius="0.140">
						<bones>
							<bone name="spine" weight="1.000"/>
						</bones>
					</point>
				</points>
			</capsule>
			<capsule name="spine1" length="0.080" origin="0.000, 0.000, 0.000" frame="-0.000000, 0.041296, 0.999146, 0.000000, 0.000003, 0.999146, -0.041296, 0.000000, -1.000000, 0.000003, -0.000000, 0.000000, 0.000000, 0.048158, 1.029577, -0.167239">
				<points>
					<point radius="0.160">
						<bones>
							<bone name="spine1" weight="1.000"/>
						</bones>
					</point>
					<point radius="0.150">
						<bones>
							<bone name="spine1" weight="1.000"/>
						</bones>
					</point>
				</points>
			</capsule>
			<capsule name="l_clavicle" length="0.100" origin="0.000, 0.000, 0.000" frame="-0.974407, 0.006203, -0.224706, 0.000000, -0.000000, -0.999620, -0.027593, 0.000000, -0.224792, -0.026887, 0.974036, 0.000000, -0.086105, -0.027338, 1.430497, -0.093646">
				<points>
					<point radius="0.120">
						<bones>
							<bone name="l_clavicle" weight="1.000"/>
						</bones>
					</point>
					<point radius="0.120">
						<bones>
							<bone name="l_clavicle" weight="1.000"/>
						</bones>
					</point>
				</points>
			</capsule>
			<capsule name="l_upperarm" length="0.200" origin="0.000, 0.000, 0.000" frame="-0.834051, -0.035514, -0.550543, 0.000000, -0.090243, -0.975702, 0.199655, 0.000000, -0.544256, 0.216205, 0.810580, 0.000000, -0.186272, -0.013715, 1.413607, 1.000000">
				<points>
					<point radius="0.110">
						<bones>
							<bone name="l_upperarm_twist" weight="1.000"/>
						</bones>
					</point>
					<point radius="0.110">
						<bones>
							<bone name="l_upperarm_twist" weight="1.000"/>
						</bones>
					</point>
				</points>
			</capsule>
			<capsule name="r_upperarm" length="0.200" origin="0.000, 0.000, 0.000" frame="0.834051, -0.035514, -0.550543, 0.000000, 0.090244, -0.975702, 0.199655, 0.000000, -0.544256, -0.216205, -0.810580, 0.000000, 0.186272, -0.013717, 1.413608, 1.000000">
				<points>
					<point radius="0.110">
						<bones>
							<bone name="r_upperarm_twist" weight="1.000"/>
						</bones>
					</point>
					<point radius="0.110">
						<bones>
							<bone name="r_upperarm_twist" weight="1.000"/>
						</bones>
					</point>
				</points>
			</capsule>
			<capsule name="l_forearm" length="0.200" origin="0.000, 0.000, 0.000" frame="-0.832738, 0.056543, -0.550772, 0.000000, -0.052790, -0.998348, -0.022676, 0.000000, -0.551143, 0.010191, 0.834348, 0.000000, -0.427211, -0.023974, 1.254567, 1.000000">
				<points>
					<point radius="0.100">
						<bones>
							<bone name="l_foretwist" weight="1.000"/>
						</bones>
					</point>
					<point radius="0.100">
						<bones>
							<bone name="l_foretwist" weight="1.000"/>
						</bones>
					</point>
				</points>
			</capsule>
			<capsule name="r_forearm" length="0.200" origin="0.000, 0.000, 0.000" frame="0.832738, 0.056543, -0.550772, 0.000000, 0.052791, -0.998348, -0.022676, 0.000000, -0.551143, -0.010191, -0.834348, 0.000000, 0.427198, -0.023981, 1.254549, 1.000000">
				<points>
					<point radius="0.100">
						<bones>
							<bone name="r_foretwist" weight="1.000"/>
						</bones>
					</point>
					<point radius="0.100">
						<bones>
							<bone name="r_foretwist" weight="1.000"/>
						</bones>
					</point>
				</points>
			</capsule>
			<capsule name="r_clavicle" length="0.100" origin="0.000, 0.000, 0.000" frame="0.969016, 0.006815, -0.246902, 0.000000, 0.000000, -0.999619, -0.027593, 0.000000, -0.246996, 0.026738, -0.968647, 0.000000, 0.091274, -0.013673, 1.436734, -0.088086">
				<points>
					<point radius="0.120">
						<bones>
							<bone name="r_clavicle" weight="1.000"/>
						</bones>
					</point>
					<point radius="0.120">
						<bones>
							<bone name="r_clavicle" weight="1.000"/>
						</bones>
					</point>
				</points>
			</capsule>
			<capsule name="r_calf" length="0.290" origin="0.000, 0.000, 0.000" frame="0.077815, -0.119797, -0.989744, 0.000000, 0.010184, 0.992798, -0.119366, 0.000000, 0.996916, -0.000791, 0.078475, 0.000000, 0.132305, -0.007017, 0.497309, 1.000000">
				<points>
					<point radius="0.160">
						<bones>
							<bone name="r_calf" weight="1.000"/>
						</bones>
					</point>
					<point radius="0.140">
						<bones>
							<bone name="r_calf" weight="1.000"/>
						</bones>
					</point>
				</points>
			</capsule>
			<capsule name="l_calf" length="0.290" origin="0.000, 0.000, 0.000" frame="-0.077815, -0.119797, -0.989744, 0.000000, -0.010185, 0.992798, -0.119366, 0.000000, 0.996916, 0.000791, -0.078475, 0.000000, -0.133408, -0.007095, 0.498455, 1.000000">
				<points>
					<point radius="0.160">
						<bones>
							<bone name="l_calf" weight="1.000"/>
						</bones>
					</point>
					<point radius="0.140">
						<bones>
							<bone name="l_calf" weight="1.000"/>
						</bones>
					</point>
				</points>
			</capsule>
		</capsules>
	</body>
</bodies>

